20000
5150
3027
655
-935
-1273
-623
281
756
572
0
-468
-504
-151
267
424
233
-115
-336
-270
0
245
274
85
-155
-254
-143
72
215
177
0
-165
-188
-59
109
181
103
-52
-158
-131
0
125
143
45
-84
-140
-80
41
125
104
0
-100
-115
-36
68
114
66
-34
-103
-86
0
83
96
30
-57
-96
-56
29
88
73
0
-71
-83
-26
49
83
48
-25
-76
-64
0
62
72
23
-43
-73
-42
22
67
56
0
-55
-64
-20
38
65
38
-19
-60
-50
0
49
57
18
-35
-59
-34
17
54
45
0
-45
-52
-16
31
53
31
-16
-49
-41
0
41
47
15
-29
-49
-28
14
45
38
0
-37
-44
-14
26
45
26
-13
-41
-35
0
34
40
13
-24
-41
-24
12
38
32
0
-32
-37
-12
22
38
22
-11
-36
-30
0
30
35
11
-21
-36
-21
11
33
28
0
-28
-32
-10
20
33
19
-10
-31
-26
0
26
30
9
-18
-31
-18
9
29
25
0
-24
-28
-9
17
29
17
-9
-27
-23
0
23
27
8
-16
-28
-16
8
26
22
0
-21
-25
-8
15
26
15
-8
-24
-20
0
20
24
7
-14
-25
-14
7
23
19
0
-19
-22
-7
14
23
13
-7
-22
-18
0
18
21
7
-13
-22
-13
6
21
17
0
-17
-20
-6
12
21
12
-6
-19
-16
0
16
19
6
-11
-20
-11
6
18
16
0
-15
-18
-6
11
19
11
-5
-18
-15
0
15
17
5
-10
-18
-10
5
17
14
0
-14
-16
-5
10
17
10
-5
-16
-13
0
13
16
5
-9
-16
-9
5
15
13
0
-13
-15
-4
9
15
9
-4
-14
-12
0
12
14
4
-8
-15
-8
4
14
11
0
-11
-13
-4
8
14
8
-4
-13
-11
0
11
13
4
-8
-13
-8
4
12
10
0
-10
-12
-4
7
13
7
-4
-12
-10
0
10
12
3
-7
-12
-7
3
11
9
0
-9
-11
-3
7
11
6
-3
-11
-9
0
9
11
3
-6
-11
-6
3
10
9
0
-8
-10
-3
6
10
6
-3
-10
-8
0
8
10
3
-6
-10
-6
3
9
8
0
-8
-9
-3
5
9
5
-3
-9
-7
0
7
9
2
-5
-9
-5
2
8
7
0
-7
-8
-2
5
9
5
-2
-8
-7
0
7
8
2
-5
-8
-5
2
8
6
0
-6
-7
-2
4
8
4
-2
-7
-6
0
6
7
2
-4
-7
-4
2
7
6
0
-6
-7
-2
4
7
4
-2
-6
-5
0
5
6
2
-4
-7
-4
2
6
5
0
-5
-6
-2
3
6
3
-2
-6
-5
0
5
6
2
-3
-6
-3
1
6
5
0
-5
-5
-1
3
6
3
-1
-5
-4
0
4
5
1
-3
-5
-3
1
5
4
0
-4
-5
-1
3
5
3
-1
-5
-4
0
4
5
1
-3
-5
-3
1
4
4
0
-4
-4
-1
2
4
2
-1
-4
-3
0
3
4
1
-2
-4
-2
1
4
3
0
-3
-4
-1
2
4
2
-1
-4
-3
0
3
4
1
-2
-4
-2
1
3
3
0
-3
-3
-1
2
4
2
-1
-3
-3
0
3
3
1
-2
-3
-2
1
3
2
0
-2
-3
-1
2
3
2
-1
-3
-2
0
2
3
1
-1
-3
-1
1
3
2
0
-2
-3
0
1
3
1
0
-2
-2
0
2
2
0
-1
-2
-1
0
2
2
0
-2
-2
0
1
2
1
0
-2
-2
0
2
2
0
-1
-2
-1
0
2
2
0
-2
-2
0
1
2
1
0
-2
-1
0
1
2
0
-1
-2
-1
0
2
1
0
-1
-2
0
1
2
1
0
-1
-1
0
1
1
0
-1
-1
-1
0
1
1
0
-1
-1
0
1
1
1
0
-1
-1
0
1
1
0
-1
-1
-1
0
1
1
0
-1
-1
0
0
1
0
0
-1
-1
0
1
1
0
0
-1
0
0
1
1
0
-1
-1
0
0
1
0
0
-1
-1
0
1
1
0
0
-1
0
0
1
0
0
0
-1
0
0
1
0
0
-1
0
0
0
1
0
0
-1
0
0
0
0
0
0
0
0
0
0
0
0
0
0
0
0
0
0
0
0
0
0
0
0
0
0
0
0
0
0
0
0
0
0
0
0
0
0
0
0
0
0
0
0
0
0
0
0
0
0
0
0
0
0
0
0
0
0
0
0
0
0
0
0
0
0
0
0
0
0
0
0
0
0
0
0
0
0
0
0
0
0
0
0
0
0
0
0
0
0
0
0
0
0
0
0
0
0
0
0
0
0
0
0
0
0
0
0
0
0
0
0
0
0
0
0
0
0
0
0
0
0
0
0
0
0
0
0
0
0
0
0
0
0
0
0
0
0
0
0
0
0
0
0
0
0
0
0
0
0
0
0
0
0
0
0
0
0
0
0
0
0
0
0
0
0
0
0
0
0
0
0
0
0
0
0
0
0
0
0
0
0
0
0
0
0
0
0
0
0
0
0
0
0
0
0
0
0
0
0
0
0
0
0
0
0
0
0
0
0
0
0
0
0
0
0
0
0
0
0
0
0
0
0
0
0
0
0
0
0
0
0
0
0
0
0
0
0
0
